TF	AA	AC	AG	AT	CA	CC	CG	CT	GA	GC	GG	GT	TA	TC	TG	TT
ARNTL	5.409e-02	5.908e-02	7.484e-02	3.880e-02	7.656e-02	8.128e-02	4.058e-02	7.484e-02	6.359e-02	6.924e-02	8.128e-02	5.908e-02	3.250e-02	6.359e-02	7.656e-02	5.409e-02
ATF4	6.286e-02	5.204e-02	7.707e-02	5.033e-02	7.599e-02	7.699e-02	2.770e-02	7.707e-02	6.348e-02	6.513e-02	7.699e-02	5.204e-02	3.998e-02	6.348e-02	7.599e-02	6.286e-02
ATF7	6.058e-02	5.710e-02	7.228e-02	5.310e-02	7.684e-02	7.518e-02	3.259e-02	7.228e-02	6.525e-02	5.962e-02	7.518e-02	5.710e-02	4.021e-02	6.525e-02	7.684e-02	6.058e-02
BHLHE40	5.466e-02	6.861e-02	6.871e-02	4.992e-02	9.259e-02	6.844e-02	2.844e-02	6.871e-02	5.601e-02	6.501e-02	6.844e-02	6.861e-02	3.857e-02	5.601e-02	9.259e-02	5.466e-02
CEBPB	8.515e-02	5.409e-02	6.997e-02	6.303e-02	7.669e-02	6.160e-02	1.951e-02	6.997e-02	5.902e-02	5.294e-02	6.160e-02	5.409e-02	5.149e-02	5.902e-02	7.669e-02	8.515e-02
CEBPD	7.998e-02	5.659e-02	6.752e-02	5.681e-02	7.639e-02	6.521e-02	2.995e-02	6.752e-02	5.537e-02	6.178e-02	6.521e-02	5.659e-02	4.933e-02	5.537e-02	7.639e-02	7.998e-02
DBP	8.848e-02	5.445e-02	7.341e-02	5.849e-02	7.409e-02	6.069e-02	1.703e-02	7.341e-02	5.789e-02	5.212e-02	6.069e-02	5.445e-02	5.436e-02	5.789e-02	7.409e-02	8.848e-02
EGR2	4.490e-02	6.790e-02	6.769e-02	3.520e-02	8.433e-02	9.224e-02	4.008e-02	6.769e-02	5.499e-02	6.921e-02	9.224e-02	6.790e-02	3.140e-02	5.499e-02	8.433e-02	4.490e-02
ESRRA	6.562e-02	5.410e-02	8.042e-02	4.426e-02	7.423e-02	8.024e-02	2.074e-02	8.042e-02	6.508e-02	5.619e-02	8.024e-02	5.410e-02	3.942e-02	6.508e-02	7.423e-02	6.562e-02
ETS1	6.517e-02	4.911e-02	8.190e-02	4.025e-02	6.865e-02	8.486e-02	2.816e-02	8.190e-02	6.689e-02	6.274e-02	8.486e-02	4.911e-02	3.570e-02	6.689e-02	6.865e-02	6.517e-02
FOSL1	6.341e-02	5.526e-02	8.192e-02	4.902e-02	7.915e-02	7.152e-02	1.785e-02	8.192e-02	6.799e-02	5.559e-02	7.152e-02	5.526e-02	3.904e-02	6.799e-02	7.915e-02	6.341e-02
FOSL2	6.366e-02	5.429e-02	8.214e-02	5.034e-02	7.999e-02	7.102e-02	1.649e-02	8.214e-02	6.884e-02	5.538e-02	7.102e-02	5.429e-02	3.789e-02	6.884e-02	7.999e-02	6.366e-02
FOXO1	8.894e-02	5.752e-02	7.192e-02	5.419e-02	7.536e-02	6.425e-02	1.590e-02	7.192e-02	5.884e-02	4.678e-02	6.425e-02	5.752e-02	4.945e-02	5.884e-02	7.536e-02	8.894e-02
ID1	1.140e-01	4.994e-02	7.381e-02	4.838e-02	6.519e-02	5.956e-02	1.544e-02	7.381e-02	6.059e-02	4.379e-02	5.956e-02	4.994e-02	4.620e-02	6.059e-02	6.519e-02	1.140e-01
IRF3	8.680e-02	5.001e-02	7.836e-02	4.536e-02	6.687e-02	7.331e-02	2.096e-02	7.836e-02	6.582e-02	5.036e-02	7.331e-02	5.001e-02	4.098e-02	6.582e-02	6.687e-02	8.680e-02
IRF7	1.109e-01	5.112e-02	7.098e-02	5.591e-02	6.701e-02	5.643e-02	1.672e-02	7.098e-02	6.049e-02	4.310e-02	5.643e-02	5.112e-02	5.045e-02	6.049e-02	6.701e-02	1.109e-01
IRF9	1.030e-01	5.418e-02	7.260e-02	5.059e-02	6.950e-02	5.917e-02	1.832e-02	7.260e-02	6.089e-02	4.531e-02	5.917e-02	5.418e-02	4.701e-02	6.089e-02	6.950e-02	1.030e-01
JUN	6.597e-02	5.496e-02	7.892e-02	5.313e-02	7.899e-02	7.053e-02	1.863e-02	7.892e-02	6.669e-02	5.485e-02	7.053e-02	5.496e-02	4.130e-02	6.669e-02	7.899e-02	6.597e-02
JUNB	6.604e-02	5.527e-02	8.171e-02	4.999e-02	7.859e-02	6.966e-02	1.709e-02	8.171e-02	6.770e-02	5.438e-02	6.966e-02	5.527e-02	4.058e-02	6.770e-02	7.859e-02	6.604e-02
JUND	6.907e-02	5.332e-02	7.922e-02	5.055e-02	7.521e-02	7.233e-02	2.109e-02	7.922e-02	6.633e-02	5.586e-02	7.233e-02	5.332e-02	4.152e-02	6.633e-02	7.521e-02	6.907e-02
MAFF	8.319e-02	5.250e-02	7.735e-02	5.499e-02	7.384e-02	6.394e-02	1.691e-02	7.735e-02	6.156e-02	5.395e-02	6.394e-02	5.250e-02	4.939e-02	6.156e-02	7.384e-02	8.319e-02
MAFG	6.637e-02	5.351e-02	8.231e-02	4.670e-02	7.838e-02	7.063e-02	1.973e-02	8.231e-02	6.304e-02	6.382e-02	7.063e-02	5.351e-02	4.129e-02	6.304e-02	7.838e-02	6.637e-02
MAFK	7.709e-02	5.249e-02	7.811e-02	5.315e-02	7.566e-02	6.600e-02	1.942e-02	7.811e-02	6.289e-02	5.775e-02	6.600e-02	5.249e-02	4.522e-02	6.289e-02	7.566e-02	7.709e-02
MEIS1	6.438e-02	5.704e-02	8.158e-02	4.587e-02	7.926e-02	7.173e-02	1.862e-02	8.158e-02	6.519e-02	5.719e-02	7.173e-02	5.704e-02	3.996e-02	6.519e-02	7.926e-02	6.438e-02
MNT	5.245e-02	6.283e-02	6.973e-02	3.924e-02	8.003e-02	8.169e-02	4.454e-02	6.973e-02	5.802e-02	7.303e-02	8.169e-02	6.283e-02	3.370e-02	5.802e-02	8.003e-02	5.245e-02
MYC	5.490e-02	6.108e-02	7.123e-02	4.758e-02	8.502e-02	7.712e-02	3.166e-02	7.123e-02	5.941e-02	6.793e-02	7.712e-02	6.108e-02	3.530e-02	5.941e-02	8.502e-02	5.490e-02
NFE2L2	6.226e-02	5.443e-02	8.137e-02	4.834e-02	8.014e-02	7.252e-02	1.962e-02	8.137e-02	6.492e-02	6.171e-02	7.252e-02	5.443e-02	3.907e-02	6.492e-02	8.014e-02	6.226e-02
NFKB2	6.431e-02	4.888e-02	7.751e-02	4.167e-02	6.814e-02	9.596e-02	2.614e-02	7.751e-02	6.442e-02	5.840e-02	9.596e-02	4.888e-02	3.533e-02	6.442e-02	6.814e-02	6.431e-02
NR1D1	6.076e-02	5.653e-02	7.992e-02	4.252e-02	7.619e-02	8.243e-02	2.172e-02	7.992e-02	6.272e-02	5.854e-02	8.243e-02	5.653e-02	4.016e-02	6.272e-02	7.619e-02	6.076e-02
NR2F2	6.289e-02	5.380e-02	8.047e-02	4.368e-02	7.514e-02	8.092e-02	2.264e-02	8.047e-02	6.516e-02	5.941e-02	8.092e-02	5.380e-02	3.751e-02	6.516e-02	7.514e-02	6.289e-02
NR2F6	6.610e-02	5.491e-02	8.135e-02	4.354e-02	7.505e-02	7.836e-02	1.927e-02	8.135e-02	6.508e-02	5.581e-02	7.836e-02	5.491e-02	3.966e-02	6.508e-02	7.505e-02	6.610e-02
PBX1	8.531e-02	5.357e-02	6.989e-02	7.126e-02	7.737e-02	5.875e-02	1.399e-02	6.989e-02	6.374e-02	4.390e-02	5.875e-02	5.357e-02	5.358e-02	6.374e-02	7.737e-02	8.531e-02
RARA	6.385e-02	5.458e-02	7.994e-02	4.325e-02	7.437e-02	8.140e-02	2.271e-02	7.994e-02	6.421e-02	5.820e-02	8.140e-02	5.458e-02	3.913e-02	6.421e-02	7.437e-02	6.385e-02
RARG	6.571e-02	5.391e-02	8.096e-02	4.382e-02	7.440e-02	7.956e-02	2.067e-02	8.096e-02	6.518e-02	5.691e-02	7.956e-02	5.391e-02	3.917e-02	6.518e-02	7.440e-02	6.571e-02
RELA	6.707e-02	4.986e-02	7.880e-02	4.315e-02	7.086e-02	8.818e-02	2.335e-02	7.880e-02	6.334e-02	5.981e-02	8.818e-02	4.986e-02	3.747e-02	6.334e-02	7.086e-02	6.707e-02
RXRA	6.493e-02	5.498e-02	8.086e-02	4.429e-02	7.625e-02	7.781e-02	1.995e-02	8.086e-02	6.489e-02	5.724e-02	7.781e-02	5.498e-02	3.907e-02	6.489e-02	7.625e-02	6.493e-02
RXRB	6.744e-02	5.443e-02	7.973e-02	4.297e-02	7.287e-02	8.198e-02	2.083e-02	7.973e-02	6.437e-02	5.469e-02	8.198e-02	5.443e-02	3.986e-02	6.437e-02	7.287e-02	6.744e-02
SMAD3	5.417e-02	5.510e-02	7.961e-02	3.889e-02	7.422e-02	8.526e-02	3.315e-02	7.961e-02	6.455e-02	6.728e-02	8.526e-02	5.510e-02	3.485e-02	6.455e-02	7.422e-02	5.417e-02
SMAD6	4.914e-02	4.564e-02	7.662e-02	3.194e-02	6.654e-02	1.005e-01	5.286e-02	7.662e-02	5.911e-02	9.168e-02	1.005e-01	4.564e-02	2.838e-02	5.911e-02	6.654e-02	4.914e-02
SMAD7	9.441e-02	5.269e-02	7.193e-02	5.781e-02	7.178e-02	6.250e-02	1.691e-02	7.193e-02	6.154e-02	4.646e-02	6.250e-02	5.269e-02	4.913e-02	6.154e-02	7.178e-02	9.441e-02
SP1	4.989e-02	4.632e-02	7.739e-02	3.179e-02	6.492e-02	1.091e-01	4.320e-02	7.739e-02	6.195e-02	7.723e-02	1.091e-01	4.632e-02	2.857e-02	6.195e-02	6.492e-02	4.989e-02
SREBF1	5.603e-02	5.717e-02	7.732e-02	4.424e-02	7.883e-02	8.084e-02	2.843e-02	7.732e-02	6.503e-02	6.207e-02	8.084e-02	5.717e-02	3.479e-02	6.503e-02	7.883e-02	5.603e-02
STAT3	6.315e-02	4.870e-02	8.115e-02	4.154e-02	6.955e-02	8.943e-02	2.531e-02	8.115e-02	6.627e-02	6.108e-02	8.943e-02	4.870e-02	3.557e-02	6.627e-02	6.955e-02	6.315e-02
STAT6	8.053e-02	5.061e-02	7.899e-02	5.130e-02	7.013e-02	7.111e-02	1.831e-02	7.899e-02	6.570e-02	5.111e-02	7.111e-02	5.061e-02	4.512e-02	6.570e-02	7.013e-02	8.053e-02
TCF3	8.480e-02	5.096e-02	7.638e-02	4.662e-02	7.239e-02	7.168e-02	2.076e-02	7.638e-02	5.908e-02	5.952e-02	7.168e-02	5.096e-02	4.253e-02	5.908e-02	7.239e-02	8.480e-02
TEAD1	7.581e-02	5.324e-02	7.503e-02	5.863e-02	7.686e-02	6.868e-02	1.676e-02	7.503e-02	6.264e-02	5.276e-02	6.868e-02	5.324e-02	4.733e-02	6.264e-02	7.686e-02	7.581e-02
TEAD3	7.512e-02	5.300e-02	7.489e-02	5.875e-02	7.749e-02	6.899e-02	1.692e-02	7.489e-02	6.228e-02	5.392e-02	6.899e-02	5.300e-02	4.685e-02	6.228e-02	7.749e-02	7.512e-02
THRA	5.916e-02	5.558e-02	8.031e-02	4.157e-02	7.529e-02	8.371e-02	2.396e-02	8.031e-02	6.489e-02	5.921e-02	8.371e-02	5.558e-02	3.738e-02	6.489e-02	7.529e-02	5.916e-02
THRB	5.969e-02	5.453e-02	8.109e-02	4.193e-02	7.494e-02	8.346e-02	2.329e-02	8.109e-02	6.487e-02	5.996e-02	8.346e-02	5.453e-02	3.766e-02	6.487e-02	7.494e-02	5.969e-02
YY1	5.021e-02	4.531e-02	7.215e-02	3.602e-02	6.556e-02	1.034e-01	5.518e-02	7.215e-02	5.823e-02	8.937e-02	1.034e-01	4.531e-02	2.964e-02	5.823e-02	6.556e-02	5.021e-02
AHR	5.103e-02	5.891e-02	7.326e-02	3.390e-02	7.684e-02	8.362e-02	4.911e-02	7.326e-02	5.771e-02	8.260e-02	8.362e-02	5.891e-02	3.163e-02	5.771e-02	7.684e-02	5.103e-02
ATF6	5.035e-02	5.827e-02	6.959e-02	3.675e-02	7.174e-02	8.677e-02	5.706e-02	6.959e-02	6.390e-02	7.593e-02	8.677e-02	5.827e-02	2.904e-02	6.390e-02	7.174e-02	5.035e-02
BCL6	9.996e-02	5.085e-02	7.508e-02	5.467e-02	6.741e-02	6.130e-02	1.563e-02	7.508e-02	6.068e-02	4.663e-02	6.130e-02	5.085e-02	5.252e-02	6.068e-02	6.741e-02	9.996e-02
CAP1	7.627e-02	5.454e-02	7.947e-02	5.884e-02	7.469e-02	6.198e-02	1.464e-02	7.947e-02	6.481e-02	4.930e-02	6.198e-02	5.454e-02	5.369e-02	6.481e-02	7.469e-02	7.627e-02
CHD2	4.242e-02	4.151e-02	7.014e-02	2.537e-02	5.638e-02	1.231e-01	7.097e-02	7.014e-02	5.795e-02	9.804e-02	1.231e-01	4.151e-02	2.264e-02	5.795e-02	5.638e-02	4.242e-02
CREB3	5.768e-02	5.750e-02	7.314e-02	4.528e-02	7.528e-02	7.918e-02	3.870e-02	7.314e-02	6.474e-02	6.508e-02	7.918e-02	5.750e-02	3.590e-02	6.474e-02	7.528e-02	5.768e-02
CREB3L2	5.382e-02	5.642e-02	7.440e-02	3.967e-02	7.505e-02	8.494e-02	4.129e-02	7.440e-02	6.163e-02	7.266e-02	8.494e-02	5.642e-02	3.387e-02	6.163e-02	7.505e-02	5.382e-02
CTCF	5.064e-02	5.039e-02	8.006e-02	3.567e-02	7.283e-02	9.440e-02	3.595e-02	8.006e-02	6.111e-02	7.728e-02	9.440e-02	5.039e-02	3.223e-02	6.111e-02	7.283e-02	5.064e-02
DEAF1	5.238e-02	4.869e-02	7.382e-02	3.326e-02	6.312e-02	9.838e-02	5.660e-02	7.382e-02	6.421e-02	8.059e-02	9.838e-02	4.869e-02	2.836e-02	6.421e-02	6.312e-02	5.238e-02
E2F3	5.053e-02	4.358e-02	7.811e-02	3.067e-02	6.022e-02	1.041e-01	5.472e-02	7.811e-02	6.547e-02	8.398e-02	1.041e-01	4.358e-02	2.661e-02	6.547e-02	6.022e-02	5.053e-02
E2F6	5.271e-02	4.316e-02	8.480e-02	3.046e-02	5.999e-02	1.058e-01	3.829e-02	8.480e-02	7.186e-02	6.801e-02	1.058e-01	4.316e-02	2.659e-02	7.186e-02	5.999e-02	5.271e-02
EGR3	4.189e-02	5.337e-02	6.564e-02	2.974e-02	6.865e-02	1.123e-01	6.288e-02	6.564e-02	5.407e-02	8.960e-02	1.123e-01	5.337e-02	2.594e-02	5.407e-02	6.865e-02	4.189e-02
ELK3	5.809e-02	5.252e-02	7.454e-02	3.428e-02	6.413e-02	9.254e-02	4.954e-02	7.454e-02	6.316e-02	7.224e-02	9.254e-02	5.252e-02	3.402e-02	6.316e-02	6.413e-02	5.809e-02
ERF	6.124e-02	5.214e-02	7.572e-02	3.759e-02	6.660e-02	8.822e-02	4.284e-02	7.572e-02	6.370e-02	6.917e-02	8.822e-02	5.214e-02	3.518e-02	6.370e-02	6.660e-02	6.124e-02
ETV4	5.690e-02	5.251e-02	7.388e-02	3.473e-02	6.357e-02	9.285e-02	5.187e-02	7.388e-02	6.343e-02	7.302e-02	9.285e-02	5.251e-02	3.411e-02	6.343e-02	6.357e-02	5.690e-02
FOXC1	1.073e-01	5.544e-02	6.781e-02	6.365e-02	7.048e-02	5.331e-02	1.427e-02	6.781e-02	5.517e-02	4.193e-02	5.331e-02	5.544e-02	6.119e-02	5.517e-02	7.048e-02	1.073e-01
FOXC2	1.073e-01	5.696e-02	6.585e-02	6.825e-02	7.240e-02	5.035e-02	1.306e-02	6.585e-02	5.403e-02	4.025e-02	5.035e-02	5.696e-02	6.456e-02	5.403e-02	7.240e-02	1.073e-01
FOXJ2	1.034e-01	5.799e-02	6.683e-02	6.532e-02	7.371e-02	5.239e-02	1.353e-02	6.683e-02	5.445e-02	4.162e-02	5.239e-02	5.799e-02	6.199e-02	5.445e-02	7.371e-02	1.034e-01
FOXP1	1.026e-01	6.103e-02	6.744e-02	6.053e-02	7.600e-02	5.114e-02	1.381e-02	6.744e-02	5.533e-02	4.094e-02	5.114e-02	6.103e-02	5.771e-02	5.533e-02	7.600e-02	1.026e-01
GATA2	8.324e-02	5.215e-02	7.825e-02	6.246e-02	7.120e-02	6.041e-02	1.407e-02	7.825e-02	6.468e-02	4.661e-02	6.041e-02	5.215e-02	5.699e-02	6.468e-02	7.120e-02	8.324e-02
GATA6	7.900e-02	5.100e-02	7.698e-02	6.132e-02	6.851e-02	6.343e-02	2.282e-02	7.698e-02	6.419e-02	5.311e-02	6.343e-02	5.100e-02	5.652e-02	6.419e-02	6.851e-02	7.900e-02
GLIS2	8.216e-02	5.110e-02	7.111e-02	5.828e-02	6.760e-02	7.552e-02	2.306e-02	7.111e-02	5.665e-02	5.399e-02	7.552e-02	5.110e-02	5.640e-02	5.665e-02	6.760e-02	8.216e-02
HEY2	4.671e-02	6.063e-02	7.063e-02	3.365e-02	7.674e-02	8.678e-02	5.450e-02	7.063e-02	5.707e-02	8.398e-02	8.678e-02	6.063e-02	3.077e-02	5.707e-02	7.674e-02	4.671e-02
HMGA2	1.077e-01	4.889e-02	6.573e-02	7.572e-02	6.644e-02	5.497e-02	1.485e-02	6.573e-02	5.674e-02	4.135e-02	5.497e-02	4.889e-02	6.706e-02	5.674e-02	6.644e-02	1.077e-01
HNF1B	1.010e-01	5.367e-02	6.912e-02	7.368e-02	6.901e-02	5.138e-02	1.288e-02	6.912e-02	5.652e-02	4.083e-02	5.138e-02	5.367e-02	7.112e-02	5.652e-02	6.901e-02	1.010e-01
HOXA2	8.874e-02	5.326e-02	7.409e-02	6.670e-02	7.031e-02	5.893e-02	1.398e-02	7.409e-02	5.782e-02	4.727e-02	5.893e-02	5.326e-02	6.575e-02	5.782e-02	7.031e-02	8.874e-02
HSF2	8.070e-02	5.093e-02	7.982e-02	5.266e-02	6.893e-02	6.749e-02	1.963e-02	7.982e-02	6.840e-02	4.908e-02	6.749e-02	5.093e-02	4.609e-02	6.840e-02	6.893e-02	8.070e-02
IRF1	1.066e-01	4.944e-02	7.727e-02	4.947e-02	6.455e-02	5.946e-02	1.593e-02	7.727e-02	6.458e-02	4.385e-02	5.946e-02	4.944e-02	4.701e-02	6.458e-02	6.455e-02	1.066e-01
KLF13	5.577e-02	5.203e-02	7.556e-02	3.714e-02	7.131e-02	9.611e-02	3.655e-02	7.556e-02	5.866e-02	7.256e-02	9.611e-02	5.203e-02	3.486e-02	5.866e-02	7.131e-02	5.577e-02
KLF16	4.598e-02	4.915e-02	7.225e-02	3.018e-02	6.597e-02	1.189e-01	4.541e-02	7.225e-02	5.780e-02	7.663e-02	1.189e-01	4.915e-02	2.772e-02	5.780e-02	6.597e-02	4.598e-02
KLF3	5.037e-02	5.654e-02	7.438e-02	3.411e-02	7.621e-02	1.037e-01	3.031e-02	7.438e-02	5.771e-02	6.659e-02	1.037e-01	5.654e-02	3.116e-02	5.771e-02	7.621e-02	5.037e-02
MAZ	5.003e-02	4.530e-02	7.938e-02	3.114e-02	6.302e-02	1.133e-01	3.846e-02	7.938e-02	6.535e-02	7.026e-02	1.133e-01	4.530e-02	2.742e-02	6.535e-02	6.302e-02	5.003e-02
MEF2D	1.020e-01	5.043e-02	6.887e-02	7.886e-02	6.559e-02	5.218e-02	1.315e-02	6.887e-02	5.459e-02	4.260e-02	5.218e-02	5.043e-02	7.796e-02	5.459e-02	6.559e-02	1.020e-01
MLX	5.570e-02	6.041e-02	7.105e-02	3.990e-02	7.564e-02	7.952e-02	4.702e-02	7.105e-02	6.181e-02	7.088e-02	7.952e-02	6.041e-02	3.392e-02	6.181e-02	7.564e-02	5.570e-02
NFIA	5.769e-02	4.890e-02	8.146e-02	3.961e-02	7.748e-02	8.869e-02	2.479e-02	8.146e-02	6.054e-02	7.422e-02	8.869e-02	4.890e-02	3.186e-02	6.054e-02	7.748e-02	5.769e-02
NFIL3	8.453e-02	5.681e-02	6.998e-02	6.767e-02	7.357e-02	5.871e-02	1.884e-02	6.998e-02	5.778e-02	4.759e-02	5.871e-02	5.681e-02	6.314e-02	5.778e-02	7.357e-02	8.453e-02
NFIX	5.705e-02	4.913e-02	8.122e-02	4.002e-02	7.752e-02	9.014e-02	2.380e-02	8.122e-02	6.062e-02	7.274e-02	9.014e-02	4.913e-02	3.207e-02	6.062e-02	7.752e-02	5.705e-02
NOTCH1	7.033e-02	5.308e-02	7.606e-02	4.939e-02	7.476e-02	8.047e-02	1.986e-02	7.606e-02	6.426e-02	5.329e-02	8.047e-02	5.308e-02	3.953e-02	6.426e-02	7.476e-02	7.033e-02
NR3C1	7.590e-02	5.597e-02	7.932e-02	4.853e-02	7.482e-02	6.884e-02	1.723e-02	7.932e-02	6.474e-02	5.072e-02	6.884e-02	5.597e-02	4.434e-02	6.474e-02	7.482e-02	7.590e-02
OSR1	6.976e-02	5.546e-02	8.193e-02	4.859e-02	7.407e-02	6.868e-02	1.959e-02	8.193e-02	5.985e-02	6.024e-02	6.868e-02	5.546e-02	5.209e-02	5.985e-02	7.407e-02	6.976e-02
PRRX1	1.003e-01	5.120e-02	6.977e-02	7.449e-02	6.754e-02	5.389e-02	1.313e-02	6.977e-02	5.656e-02	4.258e-02	5.389e-02	5.120e-02	7.132e-02	5.656e-02	6.754e-02	1.003e-01
PRRX2	9.549e-02	5.136e-02	7.120e-02	7.342e-02	6.893e-02	5.508e-02	1.328e-02	7.120e-02	5.893e-02	4.314e-02	5.508e-02	5.136e-02	6.817e-02	5.893e-02	6.893e-02	9.549e-02
RFX5	6.647e-02	5.204e-02	7.818e-02	4.441e-02	7.564e-02	7.999e-02	2.513e-02	7.818e-02	6.010e-02	6.677e-02	7.999e-02	5.204e-02	3.886e-02	6.010e-02	7.564e-02	6.647e-02
RUNX1	6.821e-02	5.926e-02	7.783e-02	4.403e-02	8.056e-02	7.415e-02	1.812e-02	7.783e-02	6.017e-02	5.710e-02	7.415e-02	5.926e-02	4.039e-02	6.017e-02	8.056e-02	6.821e-02
SF1	6.900e-02	5.376e-02	8.206e-02	4.439e-02	7.595e-02	7.569e-02	1.691e-02	8.206e-02	6.320e-02	5.812e-02	7.569e-02	5.376e-02	4.126e-02	6.320e-02	7.595e-02	6.900e-02
SOX12	9.804e-02	5.705e-02	7.206e-02	5.694e-02	7.382e-02	5.611e-02	1.399e-02	7.206e-02	6.009e-02	4.262e-02	5.611e-02	5.705e-02	5.212e-02	6.009e-02	7.382e-02	9.804e-02
SOX4	9.642e-02	5.516e-02	7.245e-02	5.476e-02	7.306e-02	6.041e-02	1.532e-02	7.245e-02	5.923e-02	4.638e-02	6.041e-02	5.516e-02	5.007e-02	5.923e-02	7.306e-02	9.642e-02
SOX9	8.370e-02	5.526e-02	7.374e-02	6.010e-02	7.598e-02	6.190e-02	1.563e-02	7.374e-02	6.152e-02	4.854e-02	6.190e-02	5.526e-02	5.154e-02	6.152e-02	7.598e-02	8.370e-02
TBX2	6.951e-02	5.777e-02	7.812e-02	4.661e-02	7.740e-02	7.224e-02	2.028e-02	7.812e-02	6.278e-02	5.513e-02	7.224e-02	5.777e-02	4.236e-02	6.278e-02	7.740e-02	6.951e-02
TEF	8.174e-02	5.509e-02	7.123e-02	6.593e-02	7.494e-02	6.279e-02	1.711e-02	7.123e-02	5.908e-02	4.909e-02	6.279e-02	5.509e-02	5.813e-02	5.908e-02	7.494e-02	8.174e-02
TFAP2A	4.609e-02	4.511e-02	7.902e-02	3.046e-02	6.848e-02	1.073e-01	4.448e-02	7.902e-02	5.863e-02	8.822e-02	1.073e-01	4.511e-02	2.749e-02	5.863e-02	6.848e-02	4.609e-02
TGIF1	6.575e-02	5.769e-02	7.998e-02	4.787e-02	8.066e-02	7.003e-02	1.810e-02	7.998e-02	6.425e-02	5.671e-02	7.003e-02	5.769e-02	4.057e-02	6.425e-02	8.066e-02	6.575e-02
ZBTB38	6.694e-02	5.319e-02	7.652e-02	5.373e-02	7.702e-02	7.563e-02	2.032e-02	7.652e-02	6.477e-02	5.601e-02	7.563e-02	5.319e-02	4.181e-02	6.477e-02	7.702e-02	6.694e-02
ZBTB7A	4.668e-02	5.414e-02	7.140e-02	3.124e-02	7.111e-02	1.016e-01	5.246e-02	7.140e-02	5.825e-02	8.247e-02	1.016e-01	5.414e-02	2.741e-02	5.825e-02	7.111e-02	4.668e-02
ZFP281	5.244e-02	4.746e-02	7.719e-02	3.378e-02	6.557e-02	1.123e-01	3.412e-02	7.719e-02	6.255e-02	6.683e-02	1.123e-01	4.746e-02	3.029e-02	6.255e-02	6.557e-02	5.244e-02
ZFP422	1.096e-01	5.291e-02	7.080e-02	5.891e-02	6.818e-02	5.443e-02	1.436e-02	7.080e-02	5.742e-02	4.294e-02	5.443e-02	5.291e-02	5.718e-02	5.742e-02	6.818e-02	1.096e-01
ZFP91	7.100e-02	5.235e-02	7.608e-02	4.828e-02	6.834e-02	7.679e-02	3.102e-02	7.608e-02	5.960e-02	6.353e-02	7.679e-02	5.235e-02	4.883e-02	5.960e-02	6.834e-02	7.100e-02
ZFPM1	6.515e-02	5.023e-02	7.870e-02	4.879e-02	7.698e-02	7.908e-02	2.247e-02	7.870e-02	6.174e-02	6.595e-02	7.908e-02	5.023e-02	3.904e-02	6.174e-02	7.698e-02	6.515e-02
