TF	AA	AC	AG	AT	CA	CC	CG	CT	GA	GC	GG	GT	TA	TC	TG	TT
ARNTL	5.409e-02	5.908e-02	7.484e-02	3.880e-02	7.656e-02	8.128e-02	4.058e-02	7.484e-02	6.359e-02	6.924e-02	8.128e-02	5.908e-02	3.250e-02	6.359e-02	7.656e-02	5.409e-02
ATF4	6.286e-02	5.204e-02	7.707e-02	5.033e-02	7.599e-02	7.699e-02	2.770e-02	7.707e-02	6.348e-02	6.513e-02	7.699e-02	5.204e-02	3.998e-02	6.348e-02	7.599e-02	6.286e-02
ATF7	6.058e-02	5.710e-02	7.228e-02	5.310e-02	7.684e-02	7.518e-02	3.259e-02	7.228e-02	6.525e-02	5.962e-02	7.518e-02	5.710e-02	4.021e-02	6.525e-02	7.684e-02	6.058e-02
BHLHE40	5.466e-02	6.861e-02	6.871e-02	4.992e-02	9.259e-02	6.844e-02	2.844e-02	6.871e-02	5.601e-02	6.501e-02	6.844e-02	6.861e-02	3.857e-02	5.601e-02	9.259e-02	5.466e-02
CEBPB	8.515e-02	5.409e-02	6.997e-02	6.303e-02	7.669e-02	6.160e-02	1.951e-02	6.997e-02	5.902e-02	5.294e-02	6.160e-02	5.409e-02	5.149e-02	5.902e-02	7.669e-02	8.515e-02
CEBPD	7.998e-02	5.659e-02	6.752e-02	5.681e-02	7.639e-02	6.521e-02	2.995e-02	6.752e-02	5.537e-02	6.178e-02	6.521e-02	5.659e-02	4.933e-02	5.537e-02	7.639e-02	7.998e-02
DBP	8.848e-02	5.445e-02	7.341e-02	5.849e-02	7.409e-02	6.069e-02	1.703e-02	7.341e-02	5.789e-02	5.212e-02	6.069e-02	5.445e-02	5.436e-02	5.789e-02	7.409e-02	8.848e-02
EGR2	4.490e-02	6.790e-02	6.769e-02	3.520e-02	8.433e-02	9.224e-02	4.008e-02	6.769e-02	5.499e-02	6.921e-02	9.224e-02	6.790e-02	3.140e-02	5.499e-02	8.433e-02	4.490e-02
ESRRA	6.562e-02	5.410e-02	8.042e-02	4.426e-02	7.423e-02	8.024e-02	2.074e-02	8.042e-02	6.508e-02	5.619e-02	8.024e-02	5.410e-02	3.942e-02	6.508e-02	7.423e-02	6.562e-02
ETS1	6.517e-02	4.911e-02	8.190e-02	4.025e-02	6.865e-02	8.486e-02	2.816e-02	8.190e-02	6.689e-02	6.274e-02	8.486e-02	4.911e-02	3.570e-02	6.689e-02	6.865e-02	6.517e-02
FOSL1	6.341e-02	5.526e-02	8.192e-02	4.902e-02	7.915e-02	7.152e-02	1.785e-02	8.192e-02	6.799e-02	5.559e-02	7.152e-02	5.526e-02	3.904e-02	6.799e-02	7.915e-02	6.341e-02
FOSL2	6.366e-02	5.429e-02	8.214e-02	5.034e-02	7.999e-02	7.102e-02	1.649e-02	8.214e-02	6.884e-02	5.538e-02	7.102e-02	5.429e-02	3.789e-02	6.884e-02	7.999e-02	6.366e-02
FOXO1	8.894e-02	5.752e-02	7.192e-02	5.419e-02	7.536e-02	6.425e-02	1.590e-02	7.192e-02	5.884e-02	4.678e-02	6.425e-02	5.752e-02	4.945e-02	5.884e-02	7.536e-02	8.894e-02
ID1	1.140e-01	4.994e-02	7.381e-02	4.838e-02	6.519e-02	5.956e-02	1.544e-02	7.381e-02	6.059e-02	4.379e-02	5.956e-02	4.994e-02	4.620e-02	6.059e-02	6.519e-02	1.140e-01
IRF3	8.680e-02	5.001e-02	7.836e-02	4.536e-02	6.687e-02	7.331e-02	2.096e-02	7.836e-02	6.582e-02	5.036e-02	7.331e-02	5.001e-02	4.098e-02	6.582e-02	6.687e-02	8.680e-02
IRF7	1.109e-01	5.112e-02	7.098e-02	5.591e-02	6.701e-02	5.643e-02	1.672e-02	7.098e-02	6.049e-02	4.310e-02	5.643e-02	5.112e-02	5.045e-02	6.049e-02	6.701e-02	1.109e-01
IRF9	1.030e-01	5.418e-02	7.260e-02	5.059e-02	6.950e-02	5.917e-02	1.832e-02	7.260e-02	6.089e-02	4.531e-02	5.917e-02	5.418e-02	4.701e-02	6.089e-02	6.950e-02	1.030e-01
JUN	6.597e-02	5.496e-02	7.892e-02	5.313e-02	7.899e-02	7.053e-02	1.863e-02	7.892e-02	6.669e-02	5.485e-02	7.053e-02	5.496e-02	4.130e-02	6.669e-02	7.899e-02	6.597e-02
JUNB	6.604e-02	5.527e-02	8.171e-02	4.999e-02	7.859e-02	6.966e-02	1.709e-02	8.171e-02	6.770e-02	5.438e-02	6.966e-02	5.527e-02	4.058e-02	6.770e-02	7.859e-02	6.604e-02
JUND	6.907e-02	5.332e-02	7.922e-02	5.055e-02	7.521e-02	7.233e-02	2.109e-02	7.922e-02	6.633e-02	5.586e-02	7.233e-02	5.332e-02	4.152e-02	6.633e-02	7.521e-02	6.907e-02
MAFF	8.319e-02	5.250e-02	7.735e-02	5.499e-02	7.384e-02	6.394e-02	1.691e-02	7.735e-02	6.156e-02	5.395e-02	6.394e-02	5.250e-02	4.939e-02	6.156e-02	7.384e-02	8.319e-02
MAFG	6.637e-02	5.351e-02	8.231e-02	4.670e-02	7.838e-02	7.063e-02	1.973e-02	8.231e-02	6.304e-02	6.382e-02	7.063e-02	5.351e-02	4.129e-02	6.304e-02	7.838e-02	6.637e-02
MAFK	7.709e-02	5.249e-02	7.811e-02	5.315e-02	7.566e-02	6.600e-02	1.942e-02	7.811e-02	6.289e-02	5.775e-02	6.600e-02	5.249e-02	4.522e-02	6.289e-02	7.566e-02	7.709e-02
MEIS1	6.438e-02	5.704e-02	8.158e-02	4.587e-02	7.926e-02	7.173e-02	1.862e-02	8.158e-02	6.519e-02	5.719e-02	7.173e-02	5.704e-02	3.996e-02	6.519e-02	7.926e-02	6.438e-02
MNT	5.245e-02	6.283e-02	6.973e-02	3.924e-02	8.003e-02	8.169e-02	4.454e-02	6.973e-02	5.802e-02	7.303e-02	8.169e-02	6.283e-02	3.370e-02	5.802e-02	8.003e-02	5.245e-02
MYC	5.490e-02	6.108e-02	7.123e-02	4.758e-02	8.502e-02	7.712e-02	3.166e-02	7.123e-02	5.941e-02	6.793e-02	7.712e-02	6.108e-02	3.530e-02	5.941e-02	8.502e-02	5.490e-02
NFE2L2	6.226e-02	5.443e-02	8.137e-02	4.834e-02	8.014e-02	7.252e-02	1.962e-02	8.137e-02	6.492e-02	6.171e-02	7.252e-02	5.443e-02	3.907e-02	6.492e-02	8.014e-02	6.226e-02
NFKB2	6.431e-02	4.888e-02	7.751e-02	4.167e-02	6.814e-02	9.596e-02	2.614e-02	7.751e-02	6.442e-02	5.840e-02	9.596e-02	4.888e-02	3.533e-02	6.442e-02	6.814e-02	6.431e-02
NR1D1	6.076e-02	5.653e-02	7.992e-02	4.252e-02	7.619e-02	8.243e-02	2.172e-02	7.992e-02	6.272e-02	5.854e-02	8.243e-02	5.653e-02	4.016e-02	6.272e-02	7.619e-02	6.076e-02
NR2F2	6.289e-02	5.380e-02	8.047e-02	4.368e-02	7.514e-02	8.092e-02	2.264e-02	8.047e-02	6.516e-02	5.941e-02	8.092e-02	5.380e-02	3.751e-02	6.516e-02	7.514e-02	6.289e-02
NR2F6	6.610e-02	5.491e-02	8.135e-02	4.354e-02	7.505e-02	7.836e-02	1.927e-02	8.135e-02	6.508e-02	5.581e-02	7.836e-02	5.491e-02	3.966e-02	6.508e-02	7.505e-02	6.610e-02
PBX1	8.531e-02	5.357e-02	6.989e-02	7.126e-02	7.737e-02	5.875e-02	1.399e-02	6.989e-02	6.374e-02	4.390e-02	5.875e-02	5.357e-02	5.358e-02	6.374e-02	7.737e-02	8.531e-02
RARA	6.385e-02	5.458e-02	7.994e-02	4.325e-02	7.437e-02	8.140e-02	2.271e-02	7.994e-02	6.421e-02	5.820e-02	8.140e-02	5.458e-02	3.913e-02	6.421e-02	7.437e-02	6.385e-02
RARG	6.571e-02	5.391e-02	8.096e-02	4.382e-02	7.440e-02	7.956e-02	2.067e-02	8.096e-02	6.518e-02	5.691e-02	7.956e-02	5.391e-02	3.917e-02	6.518e-02	7.440e-02	6.571e-02
RELA	6.707e-02	4.986e-02	7.880e-02	4.315e-02	7.086e-02	8.818e-02	2.335e-02	7.880e-02	6.334e-02	5.981e-02	8.818e-02	4.986e-02	3.747e-02	6.334e-02	7.086e-02	6.707e-02
RXRA	6.493e-02	5.498e-02	8.086e-02	4.429e-02	7.625e-02	7.781e-02	1.995e-02	8.086e-02	6.489e-02	5.724e-02	7.781e-02	5.498e-02	3.907e-02	6.489e-02	7.625e-02	6.493e-02
RXRB	6.744e-02	5.443e-02	7.973e-02	4.297e-02	7.287e-02	8.198e-02	2.083e-02	7.973e-02	6.437e-02	5.469e-02	8.198e-02	5.443e-02	3.986e-02	6.437e-02	7.287e-02	6.744e-02
SMAD3	5.417e-02	5.510e-02	7.961e-02	3.889e-02	7.422e-02	8.526e-02	3.315e-02	7.961e-02	6.455e-02	6.728e-02	8.526e-02	5.510e-02	3.485e-02	6.455e-02	7.422e-02	5.417e-02
SMAD6	4.914e-02	4.564e-02	7.662e-02	3.194e-02	6.654e-02	1.005e-01	5.286e-02	7.662e-02	5.911e-02	9.168e-02	1.005e-01	4.564e-02	2.838e-02	5.911e-02	6.654e-02	4.914e-02
SMAD7	9.441e-02	5.269e-02	7.193e-02	5.781e-02	7.178e-02	6.250e-02	1.691e-02	7.193e-02	6.154e-02	4.646e-02	6.250e-02	5.269e-02	4.913e-02	6.154e-02	7.178e-02	9.441e-02
SP1	4.989e-02	4.632e-02	7.739e-02	3.179e-02	6.492e-02	1.091e-01	4.320e-02	7.739e-02	6.195e-02	7.723e-02	1.091e-01	4.632e-02	2.857e-02	6.195e-02	6.492e-02	4.989e-02
SREBF1	5.603e-02	5.717e-02	7.732e-02	4.424e-02	7.883e-02	8.084e-02	2.843e-02	7.732e-02	6.503e-02	6.207e-02	8.084e-02	5.717e-02	3.479e-02	6.503e-02	7.883e-02	5.603e-02
STAT3	6.315e-02	4.870e-02	8.115e-02	4.154e-02	6.955e-02	8.943e-02	2.531e-02	8.115e-02	6.627e-02	6.108e-02	8.943e-02	4.870e-02	3.557e-02	6.627e-02	6.955e-02	6.315e-02
STAT6	8.053e-02	5.061e-02	7.899e-02	5.130e-02	7.013e-02	7.111e-02	1.831e-02	7.899e-02	6.570e-02	5.111e-02	7.111e-02	5.061e-02	4.512e-02	6.570e-02	7.013e-02	8.053e-02
TCF3	8.480e-02	5.096e-02	7.638e-02	4.662e-02	7.239e-02	7.168e-02	2.076e-02	7.638e-02	5.908e-02	5.952e-02	7.168e-02	5.096e-02	4.253e-02	5.908e-02	7.239e-02	8.480e-02
TEAD1	7.581e-02	5.324e-02	7.503e-02	5.863e-02	7.686e-02	6.868e-02	1.676e-02	7.503e-02	6.264e-02	5.276e-02	6.868e-02	5.324e-02	4.733e-02	6.264e-02	7.686e-02	7.581e-02
TEAD3	7.512e-02	5.300e-02	7.489e-02	5.875e-02	7.749e-02	6.899e-02	1.692e-02	7.489e-02	6.228e-02	5.392e-02	6.899e-02	5.300e-02	4.685e-02	6.228e-02	7.749e-02	7.512e-02
THRA	5.916e-02	5.558e-02	8.031e-02	4.157e-02	7.529e-02	8.371e-02	2.396e-02	8.031e-02	6.489e-02	5.921e-02	8.371e-02	5.558e-02	3.738e-02	6.489e-02	7.529e-02	5.916e-02
THRB	5.969e-02	5.453e-02	8.109e-02	4.193e-02	7.494e-02	8.346e-02	2.329e-02	8.109e-02	6.487e-02	5.996e-02	8.346e-02	5.453e-02	3.766e-02	6.487e-02	7.494e-02	5.969e-02
YY1	5.021e-02	4.531e-02	7.215e-02	3.602e-02	6.556e-02	1.034e-01	5.518e-02	7.215e-02	5.823e-02	8.937e-02	1.034e-01	4.531e-02	2.964e-02	5.823e-02	6.556e-02	5.021e-02
